4294967278,373
4294967279,403
4294967279,402
4294967279,134
4294967278,368
4294967294,248
4294967294,1428
4294967278,367
4294967278,365
4294967278,2
4294967278,88
4294967294,414
4294967294,473
4294967279,508
4294967278,360
4294967278,359
4294967294,390
4294967278,358
4294967279,162
4294967279,399
4294967278,356
4294967278,391
4294967279,499
4294967278,351
4294967278,390
4294967278,133
4294967279,270
4294967278,349
4294967278,327
4294967279,317
4294967279,244
4294967279,240
4294967279,458
4294967278,235
4294967278,426
4294967294,127
4294967278,288
4294967278,205
4294967294,395
4294967279,404
4294967279,196
4294967278,194
4294967278,193
4294967294,413
4294967294,185
4294967279,394
4294967278,188
4294967279,392
4294967278,260
4294967278,345
4294967279,388
4294967294,483
4294967278,343
4294967279,420
4294967279,401
4294967278,340
4294967279,386
4294967278,339
4294967279,406
4294967294,396
4294967279,472
4294967279,483
4294967279,133
4294967278,132
4294967278,131
4294967278,130
4294967278,129
4294967278,128
4294967278,127
4294967278,126
4294967278,125
4294967278,124
4294967278,123
4294967278,122
4294967278,121
4294967278,120
4294967278,119
4294967278,118
4294967278,117
4294967278,116
4294967278,112
4294967278,95
4294967278,94
4294967278,93
4294967278,92
4294967278,91
4294967278,90
4294967278,89
4294967278,87
4294967278,86
4294967278,85
4294967278,84
4294967278,83
4294967278,81
4294967278,79
4294967278,78
4294967278,77
4294967278,76
4294967278,75
4294967278,74
4294967278,72
4294967278,71
4294967278,70
4294967278,68
4294967278,66
4294967278,63
4294967278,61
4294967278,60
4294967278,59
4294967278,58
4294967278,57
4294967278,56
4294967278,55
4294967278,54
4294967278,53
4294967278,52
4294967278,51
4294967278,50
4294967278,49
4294967278,48
4294967278,47
4294967278,46
4294967278,45
4294967278,44
4294967278,39
4294967278,37
4294967278,30
4294967279,85
4294967279,84
4294967279,83
4294967279,82
4294967279,81
4294967279,80
4294967279,79
4294967279,78
4294967279,77
4294967279,76
4294967279,75
4294967279,74
4294967279,174
4294967279,73
4294967279,72
4294967279,70
4294967279,69
4294967279,68
4294967279,66
4294967279,65
4294967279,64
4294967279,63
4294967279,61
4294967279,60
4294967279,59
4294967279,58
4294967279,57
4294967279,56
4294967279,55
4294967279,54
4294967279,53
4294967279,52
4294967279,51
4294967279,49
4294967279,47
4294967279,46
4294967279,45
4294967279,44
4294967279,42
4294967279,39
4294967279,36
4294967279,35
4294967279,32
4294967279,28
4294967279,27
4294967279,23
4294967279,21
4294967279,20
4294967279,19
4294967279,18
4294967279,17
4294967279,16
4294967279,14
4294967279,10
4294967279,8
4294967279,7
4294967279,6
4294967279,5
4294967279,4
4294967279,395
4294967279,384
4294967279,138
4294967279,136
4294967278,325
4294967294,1444
4294967278,211
4294967279,212
4294967294,1443
4294967279,206
640,5
640,4
640,3
640,2
640,1
4294967279,511
4294967278,198
639,7
639,6
637,0
4294967294,256
4294967279,509
4294967279,185
4294967278,184
639,5
639,4
639,3
639,2
639,1
638,5
638,4
638,3
638,2
638,1
637,10
637,9
637,8
637,7
637,6
637,5
637,4
637,3
637,2
637,1
4294967294,450
4294967279,463
4294967294,189
4294967278,330
4294967278,332
4294967279,255
635,9
635,8
4294967278,245
635,7
4294967279,246
635,6
635,5
635,4
635,2
635,1
4294967294,464
4294967279,235
4294967278,233
4294967279,233
4294967278,231
4294967279,225
4294967279,221
4294967278,219
4294967294,1442
633,4
633,3
633,2
633,1
4294967278,213
4294967294,405
4294967278,206
4294967294,479
4294967294,455
629,5
4294967278,162
4294967294,1441
629,4
629,3
629,2
629,1
4294967294,1440
4294967279,493
626,4
626,3
626,2
626,1
624,4
4294967278,262
624,3
624,2
624,1
623,4
623,3
623,2
623,1
622,4
622,3
622,2
622,1
4294967294,203
4294967294,191
4294967294,454
4294967278,199
4294967279,192
4294967278,187
4294967278,321
617,4
617,3
617,2
617,1
4294967294,397
4294967294,402
4294967278,158
616,3
616,2
616,1
615,6
615,5
615,4
615,2
615,1
4294967278,447
4294967294,211
4294967278,446
611,5
611,4
611,3
611,2
611,1
4294967278,329
4294967278,445
4294967278,444
4294967279,232
609,3
609,2
609,1
608,4
607,3
607,2
607,1
4294967278,441
4294967278,440
4294967278,350
4294967278,439
4294967278,438
4294967279,474
4294967278,435
4294967279,2
4294967279,498
4294967279,494
4294967278,387
4294967279,490
4294967279,171
4294967279,163
4294967279,159
4294967278,232
4294967279,488
4294967279,153
4294967279,487
4294967279,486
4294967279,396
4294967279,137
4294967278,136
4294967278,270
4294967279,265
4294967278,433
4294967279,447
4294967279,485
4294967278,431
4294967278,241
4294967279,242
4294967279,506
4294967279,231
4294967294,250
4294967294,415
4294967294,460
4294967278,236
4294967278,344
4294967278,251
4294967278,43
4294967279,43
4294967279,400
4294967279,41
4294967279,40
4294967279,34
4294967279,31
4294967279,30
4294967279,29
4294967279,26
4294967279,25
4294967279,24
4294967279,15
4294967279,13
4294967279,12
4294967279,11
4294967279,9
4294967278,425
4294967279,184
4294967279,414
4294967294,201
4294967279,413
4294967278,347
4294967278,346
4294967279,479
4294967279,142
4294967278,289
4294967279,416
4294967278,353
4294967278,342
4294967278,341
4294967278,324
4294967278,247
4294967278,238
4294967279,238
4294967278,237
4294967278,225
4294967294,1439
4294967279,219
4294967278,217
4294967279,217
4294967278,215
4294967279,277
4294967278,214
4294967279,215
4294967279,211
4294967278,209
4294967294,1438
4294967279,210
4294967278,208
4294967279,209
4294967279,204
4294967278,196
4294967279,193
4294967278,418
4294967278,416
4294967278,183
4294967278,181
4294967294,466
584,3
584,2
584,1
4294967279,170
4294967278,168
583,5
4294967279,169
583,4
583,3
583,2
583,1
4294967279,167
4294967279,298
582,10
582,9
582,8
582,7
582,6
582,5
582,4
4294967278,155
582,3
582,2
582,1
4294967279,155
4294967279,154
4294967294,209
4294967294,162
4294967294,419
4294967294,179
4294967294,407
4294967294,252
4294967294,411
4294967294,588
4294967294,183
4294967294,109
4294967294,169
4294967278,255
4294967279,480
4294967294,111
4294967279,476
580,9
580,8
580,7
580,6
580,5
580,4
580,2
580,1
4294967294,215
4294967294,212
4294967294,401
4294967294,1437
578,4
578,3
578,2
578,1
4294967278,207
4294967279,194
4294967278,407
4294967278,406
4294967294,247
4294967294,216
574,5
4294967279,442
4294967294,1436
4294967294,1435
574,4
574,3
574,2
574,1
4294967294,384
4294967294,1434
4294967278,149
4294967278,148
4294967278,405
4294967278,335
4294967278,138
571,4
571,3
571,2
571,1
569,4
569,3
569,2
569,1
568,4
568,3
568,2
568,1
567,4
567,3
567,2
567,1
4294967279,469
4294967278,218
4294967278,403
4294967294,1429
4294967278,210
4294967294,190
562,4
562,3
562,2
562,1
4294967278,280
561,3
561,2
561,1
4294967279,148
560,6
4294967278,147
560,5
4294967279,147
560,4
560,2
560,1
4294967278,338
4294967278,312
4294967279,467
4294967278,443
4294967279,464
4294967279,266
4294967278,264
4294967279,259
556,5
556,4
556,3
556,2
556,1
4294967294,176
4294967294,387
4294967279,390
4294967278,278
554,3
554,2
554,1
4294967279,459
4294967279,229
4294967278,227
4294967279,227
552,3
552,2
552,1
4294967278,285
4294967279,456
4294967278,409
4294967279,503
4294967279,502
4294967279,453
4294967278,402
4294967294,476
4294967294,69
4294967278,401
4294967279,452
4294967278,137
4294967278,400
4294967294,16
4294967294,478
4294967294,463
4294967278,395
4294967294,1426
4294967279,405
4294967294,219
4294967278,394
4294967294,61
4294967294,31
4294967278,146
4294967278,144
4294967279,451
4294967279,135
4294967279,434
4294967278,271
4294967279,411
4294967279,283
4294967279,450
4294967278,413
